15
-1  4  5  5  4  2 -1  2  3 -1 -1  3 -1 -1 -1 
-1  6  8 -1  6  3  1 -1  6 -1 -1  5  3 -1  2
-1  8 -1  8  5  4 -1  5  7  6 -1  3  3  5 -1 
-1  5  6 -1  6  5 -1  5  6 -1 -1  5  6  7  4
-1 -1  4 -1 -1  6 -1 -1  5 -1 -1  6  8 -1  5
-1 -1  4  5 -1  6  4 -1  4 -1  5  6  7  6  4
 2 -1 -1  5  6 -1 -1 -1  4  6  5 -1 -1  3 -1 
 2  3 -1  5 -1 -1  4 -1 -1 -1 -1 -1 -1 -1  1
 4  4 -1  4  5  5 -1 -1 -1  3 -1  4  4  3 -1 
 6  7 -1 -1  4  4 -1 -1  4  2  4  5  7 -1 -1 
-1  6 -1  4  5  4 -1  5 -1  2  3  5 -1  5 -1 
-1 -1 -1 -1  5 -1 -1  6  6 -1 -1 -1  8  5 -1 
-1  7  6  5 -1 -1  6 -1 -1 -1  4  7  7 -1  1
 5  7  6 -1 -1  6  4  4  3  4  5  7  7  5  2
 3 -1  3 -1  4  4 -1  1 -1 -1  3 -1 -1  3 -1 