15
-1 -1 -1  5 -1 -1 -1  4 -1  4  4 -1  4 -1 -1 
 3 -1  4 -1 -1 -1  5 -1 -1 -1 -1  7 -1  3 -1 
-1 -1 -1  6  5  5  4  4  4 -1 -1 -1 -1  3  2 
-1 -1 -1 -1  5  5 -1  4 -1  3  5  6  7 -1 -1 
 1 -1  1 -1  4 -1  3  3  3 -1 -1 -1  6  6  5
-1  2  1 -1 -1 -1 -1  5 -1  4 -1 -1  5 -1 -1 
 1 -1 -1 -1  3 -1  6  5 -1  5 -1  4 -1  6 -1 
 2 -1 -1 -1  3  3 -1  6 -1  3  2  3  3  6 -1 
 2  4 -1 -1  3 -1  4 -1  4  3 -1 -1  4 -1 -1 
-1  3  2 -1  4 -1  3 -1 -1  3 -1 -1  2 -1 -1 
-1 -1 -1  5  5  5 -1 -1  5 -1 -1  5  4  2 -1 
 0 -1 -1  5  6  6 -1  4  7  7 -1  5 -1 -1  1
 1 -1 -1  6 -1  6 -1 -1  7  7  8  5 -1  3 -1 
-1 -1  5 -1 -1 -1 -1 -1  7 -1 -1  5 -1 -1 -1 
 3 -1 -1 -1  1 -1  3  5 -1  6  4 -1 -1  3 -1 