20
-1 -1 -1 -1 -1 -1 -1 -1  6 -1 -1  1 -1 -1 -1 -1 -1 -1  4 -1 
 4 -1 -1  5  5  6 -1 -1  5  5 -1 -1  1  2 -1  5 -1  6 -1 -1 
-1  5 -1  4  5  5 -1 -1  6 -1 -1  0  0 -1  2 -1 -1  8 -1 -1 
 5 -1 -1  6 -1  8 -1 -1 -1 -1 -1  0  0  1  3  5 -1  8  6 -1 
-1 -1 -1  7  8  8 -1  6  5  2  1  1 -1  1  2  5 -1 -1  6 -1 
-1 -1  5  7  6  8  7  5  2  1 -1 -1 -1  1 -1  6 -1 -1 -1 -1 
 3 -1 -1  7 -1 -1 -1  5  2  2  1  2 -1  3  4  6  6 -1 -1 -1 
 5 -1 -1 -1  5 -1  4  3  2  3 -1 -1  2  3 -1 -1  5  6  6 -1 
-1 -1  7  6 -1  3  4 -1  3 -1 -1  2  3 -1  6 -1  2  4  6  6
-1 -1  7 -1 -1 -1  4 -1  3 -1  5 -1 -1  4 -1  6 -1 -1 -1 -1 
-1  2 -1 -1 -1  3  4 -1 -1  5 -1  3  2  4  5 -1  3  4  6  6 
-1 -1  5  4  6 -1  3  2  3 -1 -1  4 -1  3  4  4 -1  5 -1  5
-1 -1  5  4  5  3 -1  3 -1  4  4  4 -1 -1  3 -1  3  3  4 -1 
-1  5  6 -1  4  3 -1 -1  4 -1 -1  6 -1  5 -1 -1  2 -1 -1  3
-1  5  7 -1 -1 -1  6 -1 -1 -1  4 -1  7 -1 -1  3 -1  3 -1  2
-1  6 -1 -1  4 -1 -1  6 -1 -1 -1 -1 -1  7  5 -1  3 -1 -1 -1 
-1 -1  8 -1 -1  6  9 -1 -1 -1 -1 -1  4 -1 -1  4 -1 -1  5 -1 
 5 -1 -1  3 -1 -1  9 -1 -1  8 -1  3 -1  3  5 -1 -1  5 -1 -1 
 4 -1 -1 -1 -1  4  6  6  7 -1 -1 -1 -1  4 -1 -1 -1  4  3 -1 
-1 -1  3 -1 -1 -1 -1 -1 -1 -1  3 -1  3 -1 -1  4 -1  2  0 -1 